7, 1
3, 2
4, 3
1, 4
3, 5
1, 6
2, 7
3, 8
2, 9
1, 10
1, 11
2, 12
1, 13
2, 14
3, 15
2, 16
3, 17
2, 18
3, 19
16, 20
3, 21
2, 22
2, 23
2, 24
2, 25
3, 26
3, 27
3, 28
2, 29
3, 30
3, 31
3, 32
3, 33
3, 34
3, 35
3, 36
3, 37
3, 38
4, 39
4, 40
4, 41
3, 42
4, 43
4, 44
3, 45
4, 46
3, 47
4, 48
4, 49
4, 50
4, 51
4, 52
4, 53
4, 54
4, 55
4, 56
4, 57
5, 58
4, 59
4, 60
5, 61
5, 62
4, 63
4, 64
4, 65
5, 66
4, 67
5, 68
4, 69
5, 70
4, 71
4, 72
5, 73
4, 74
6, 75
5, 76
6, 77
5, 78
5, 79
5, 80
5, 81
6, 82
5, 83
5, 84
5, 85
6, 86
6, 87
5, 88
6, 89
6, 90
6, 91
6, 92
6, 93
5, 94
6, 95
6, 96
6, 97
6, 98
7, 99
7, 100
7, 101
7, 102
7, 103
6, 104
6, 105
7, 106
7, 107
7, 108
7, 109
7, 110
7, 111
6, 112
7, 113
7, 114
7, 115
7, 116
7, 117
7, 118
7, 119
7, 120
8, 121
7, 122
7, 123
8, 124
8, 125
7, 126
8, 127
8, 128
8, 129
8, 130
8, 131
8, 132
8, 133
9, 134
8, 135
9, 136
8, 137
9, 138
8, 139
8, 140
9, 141
9, 142
9, 143
9, 144
9, 145
9, 146
9, 147
9, 148
9, 149
9, 150
9, 151
10, 152
9, 153
10, 154
10, 155
13, 156
9, 157
9, 158
10, 159
10, 160
10, 161
10, 162
10, 163
9, 164
10, 165
10, 166
9, 167
10, 168
11, 169
10, 170
10, 171
10, 172
11, 173
10, 174
11, 175
10, 176
11, 177
11, 178
10, 179
11, 180
11, 181
11, 182
11, 183
11, 184
10, 185
11, 186
11, 187
11, 188
12, 189
11, 190
11, 191
11, 192
11, 193
11, 194
12, 195
12, 196
12, 197
12, 198
12, 199
11, 200
12, 201
12, 202
12, 203
12, 204
12, 205
13, 206
12, 207
13, 208
12, 209
13, 210
12, 211
13, 212
12, 213
13, 214
13, 215
13, 216
13, 217
13, 218
13, 219
14, 220
13, 221
13, 222
14, 223
13, 224
18, 225
16, 226
14, 227
14, 228
14, 229
14, 230
14, 231
14, 232
14, 233
14, 234
16, 235
17, 236
15, 237
15, 238
14, 239
14, 240
14, 241
15, 242
14, 243
14, 244
14, 245
14, 246
15, 247
15, 248
15, 249
15, 250
15, 251
15, 252
16, 253
15, 254
16, 255
16, 256
16, 257
16, 258
15, 259
15, 260
16, 261
16, 262
16, 263
16, 264
16, 265
16, 266
17, 267
16, 268
16, 269
18, 270
16, 271
16, 272
16, 273
16, 274
17, 275
17, 276
23, 277
17, 278
17, 279
17, 280
17, 281
17, 282
17, 283
17, 284
17, 285
18, 286
17, 287
18, 288
17, 289
17, 290
18, 291
17, 292
18, 293
18, 294
17, 295
18, 296
18, 297
18, 298
18, 299
18, 300
18, 301
18, 302
18, 303
18, 304
18, 305
19, 306
19, 307
18, 308
19, 309
20, 310
19, 311
18, 312
18, 313
18, 314
18, 315
19, 316
19, 317
19, 318
19, 319
19, 320
19, 321
19, 322
20, 323
19, 324
19, 325
20, 326
20, 327
20, 328
20, 329
19, 330
20, 331
20, 332
20, 333
20, 334
21, 335
20, 336
20, 337
21, 338
21, 339
20, 340
21, 341
20, 342
21, 343
21, 344
21, 345
21, 346
21, 347
21, 348
21, 349
21, 350
22, 351
21, 352
22, 353
21, 354
21, 355
22, 356
22, 357
21, 358
22, 359
21, 360
22, 361
21, 362
22, 363
22, 364
22, 365
22, 366
22, 367
22, 368
23, 369
22, 370
22, 371
23, 372
22, 373
23, 374
23, 375
23, 376
22, 377
23, 378
23, 379
23, 380
23, 381
23, 382
23, 383
24, 384
23, 385
23, 386
23, 387
23, 388
24, 389
24, 390
24, 391
24, 392
24, 393
24, 394
24, 395
27, 396
24, 397
24, 398
24, 399
24, 400
24, 401
25, 402
25, 403
24, 404
24, 405
25, 406
24, 407
25, 408
25, 409
25, 410
25, 411
25, 412
25, 413
26, 414
25, 415
26, 416
25, 417
25, 418
26, 419
25, 420
27, 421
26, 422
25, 423
25, 424
25, 425
25, 426
26, 427
29, 428
26, 429
26, 430
26, 431
25, 432
26, 433
27, 434
26, 435
27, 436
27, 437
26, 438
26, 439
26, 440
27, 441
26, 442
27, 443
28, 444
26, 445
27, 446
26, 447
27, 448
32, 449
27, 450
27, 451
27, 452
27, 453
28, 454
27, 455
27, 456
28, 457
30, 458
27, 459
28, 460
28, 461
28, 462
31, 463
28, 464
28, 465
28, 466
28, 467
28, 468
29, 469
29, 470
28, 471
28, 472
28, 473
28, 474
28, 475
29, 476
30, 477
29, 478
29, 479
35, 480
29, 481
29, 482
30, 483
29, 484
29, 485
31, 486
30, 487
31, 488
31, 489
30, 490
30, 491
29, 492
30, 493
30, 494
30, 495
30, 496
31, 497
30, 498
30, 499
31, 500
32, 501
31, 502
31, 503
31, 504
30, 505
31, 506
34, 507
31, 508
30, 509
31, 510
31, 511
37, 512
32, 513
32, 514
31, 515
31, 516
33, 517
32, 518
32, 519
32, 520
32, 521
32, 522
33, 523
32, 524
32, 525
32, 526
33, 527
33, 528
33, 529
33, 530
35, 531
36, 532
35, 533
37, 534
33, 535
34, 536
37, 537
34, 538
33, 539
33, 540
33, 541
34, 542
35, 543
46, 544
34, 545
35, 546
34, 547
34, 548
35, 549
35, 550
35, 551
34, 552
35, 553
34, 554
35, 555
34, 556
35, 557
35, 558
35, 559
40, 560
35, 561
35, 562
35, 563
36, 564
34, 565
35, 566
37, 567
35, 568
37, 569
35, 570
36, 571
35, 572
35, 573
35, 574
36, 575
36, 576
35, 577
36, 578
35, 579
36, 580
36, 581
36, 582
42, 583
35, 584
37, 585
36, 586
36, 587
43, 588
37, 589
36, 590
37, 591
37, 592
36, 593
37, 594
39, 595
36, 596
38, 597
38, 598
37, 599
45, 600
37, 601
37, 602
37, 603
38, 604
41, 605
38, 606
38, 607
37, 608
39, 609
38, 610
38, 611
38, 612
37, 613
39, 614
38, 615
38, 616
39, 617
37, 618
39, 619
39, 620
37, 621
39, 622
38, 623
39, 624
39, 625
48, 626
39, 627
39, 628
39, 629
39, 630
38, 631
39, 632
40, 633
40, 634
40, 635
39, 636
40, 637
41, 638
39, 639
39, 640
40, 641
39, 642
41, 643
39, 644
41, 645
42, 646
44, 647
41, 648
42, 649
40, 650
41, 651
47, 652
41, 653
41, 654
40, 655
41, 656
41, 657
41, 658
41, 659
41, 660
40, 661
42, 662
41, 663
41, 664
43, 665
43, 666
44, 667
43, 668
42, 669
42, 670
43, 671
43, 672
41, 673
44, 674
44, 675
42, 676
44, 677
43, 678
42, 679
43, 680
43, 681
42, 682
43, 683
44, 684
43, 685
45, 686
43, 687
42, 688
44, 689
44, 690
43, 691
44, 692
44, 693
44, 694
45, 695
44, 696
44, 697
46, 698
43, 699
43, 700
49, 701
44, 702
43, 703
42, 704
46, 705
45, 706
44, 707
44, 708
44, 709
43, 710
45, 711
45, 712
44, 713
43, 714
44, 715
44, 716
43, 717
44, 718
44, 719
43, 720
45, 721
46, 722
49, 723
44, 724
45, 725
44, 726
45, 727
45, 728
45, 729
45, 730
44, 731
45, 732
46, 733
45, 734
46, 735
45, 736
45, 737
45, 738
47, 739
46, 740
46, 741
48, 742
47, 743
46, 744
45, 745
51, 746
46, 747
46, 748
45, 749
47, 750
46, 751
47, 752
45, 753
46, 754
46, 755
46, 756
46, 757
46, 758
50, 759
46, 760
46, 761
47, 762
47, 763
47, 764
47, 765
47, 766
47, 767
47, 768
47, 769
48, 770
48, 771
47, 772
47, 773
48, 774
48, 775
48, 776
50, 777
48, 778
48, 779
47, 780
46, 781
49, 782
49, 783
48, 784
50, 785
48, 786
49, 787
54, 788
50, 789
48, 790
49, 791
49, 792
49, 793
52, 794
48, 795
49, 796
50, 797
49, 798
50, 799
50, 800
50, 801
50, 802
49, 803
48, 804
50, 805
50, 806
51, 807
50, 808
50, 809
54, 810
51, 811
50, 812
57, 813
59, 814
62, 815
64, 816
66, 817
63, 818
58, 819
51, 820
52, 821
51, 822
51, 823
50, 824
58, 825
53, 826
52, 827
65, 828
51, 829
51, 830
52, 831
51, 832
52, 833
50, 834
55, 835
52, 836
52, 837
52, 838
52, 839
51, 840
58, 841
52, 842
53, 843
53, 844
52, 845
52, 846
53, 847
53, 848
53, 849
54, 850
52, 851
52, 852
53, 853
53, 854
53, 855
53, 856
53, 857
53, 858
53, 859
54, 860
53, 861
54, 862
53, 863
55, 864
52, 865
54, 866
59, 867
55, 868
54, 869
54, 870
53, 871
57, 872
55, 873
54, 874
54, 875
55, 876
55, 877
53, 878
54, 879
55, 880
55, 881
55, 882
54, 883
56, 884
55, 885
54, 886
61, 887
55, 888
55, 889
60, 890
55, 891
56, 892
56, 893
54, 894
55, 895
55, 896
55, 897
57, 898
56, 899
56, 900
57, 901
58, 902
56, 903
62, 904
56, 905
56, 906
56, 907
56, 908
57, 909
57, 910
56, 911
57, 912
56, 913
56, 914
57, 915
59, 916
58, 917
56, 918
58, 919
58, 920
56, 921
58, 922
57, 923
58, 924
57, 925
58, 926
58, 927
57, 928
59, 929
58, 930
58, 931
59, 932
59, 933
59, 934
59, 935
59, 936
60, 937
59, 938
63, 939
58, 940
58, 941
58, 942
60, 943
59, 944
58, 945
58, 946
60, 947
60, 948
60, 949
59, 950
59, 951
59, 952
60, 953
59, 954
61, 955
60, 956
61, 957
63, 958
60, 959
59, 960
59, 961
60, 962
60, 963
61, 964
61, 965
61, 966
60, 967
60, 968
61, 969
60, 970
61, 971
62, 972
66, 973
62, 974
61, 975
61, 976
61, 977
60, 978
60, 979
61, 980
60, 981
61, 982
62, 983
62, 984
62, 985
62, 986
61, 987
62, 988
63, 989
62, 990
62, 991
63, 992
62, 993
62, 994
62, 995
62, 996
62, 997
62, 998
65, 999
62, 1000
63, 1001
63, 1002
62, 1003
64, 1004
62, 1005
65, 1006
63, 1007
63, 1008
62, 1009
62, 1010
63, 1011
66, 1012
63, 1013
63, 1014
64, 1015
63, 1016
63, 1017
64, 1018
64, 1019
63, 1020
65, 1021
63, 1022
64, 1023
63, 1024
66, 1025
64, 1026
64, 1027
63, 1028
63, 1029
64, 1030
65, 1031
65, 1032
65, 1033
64, 1034
64, 1035
66, 1036
65, 1037
77, 1038
66, 1039
66, 1040
66, 1041
66, 1042
66, 1043
66, 1044
68, 1045
66, 1046
67, 1047
65, 1048
66, 1049
68, 1050
66, 1051
68, 1052
67, 1053
67, 1054
67, 1055
67, 1056
67, 1057
71, 1058
66, 1059
67, 1060
68, 1061
67, 1062
66, 1063
67, 1064
68, 1065
68, 1066
67, 1067
67, 1068
74, 1069
70, 1070
68, 1071
68, 1072
68, 1073
67, 1074
72, 1075
68, 1076
69, 1077
69, 1078
70, 1079
72, 1080
69, 1081
69, 1082
71, 1083
69, 1084
72, 1085
69, 1086
69, 1087
69, 1088
70, 1089
69, 1090
69, 1091
72, 1092
71, 1093
70, 1094
70, 1095
70, 1096
72, 1097
73, 1098
78, 1099
70, 1100
70, 1101
71, 1102
70, 1103
70, 1104
71, 1105
71, 1106
72, 1107
70, 1108
71, 1109
77, 1110
71, 1111
74, 1112
72, 1113
71, 1114
71, 1115
72, 1116
71, 1117
73, 1118
71, 1119
71, 1120
71, 1121
75, 1122
72, 1123
72, 1124
72, 1125
72, 1126
74, 1127
78, 1128
72, 1129
73, 1130
72, 1131
72, 1132
77, 1133
72, 1134
71, 1135
71, 1136
73, 1137
72, 1138
73, 1139
73, 1140
72, 1141
74, 1142
73, 1143
73, 1144
73, 1145
73, 1146
73, 1147
73, 1148
72, 1149
72, 1150
73, 1151
73, 1152
74, 1153
73, 1154
75, 1155
80, 1156
74, 1157
73, 1158
74, 1159
74, 1160
75, 1161
74, 1162
73, 1163
74, 1164
73, 1165
74, 1166
76, 1167
74, 1168
74, 1169
75, 1170
73, 1171
74, 1172
74, 1173
75, 1174
74, 1175
75, 1176
74, 1177
77, 1178
75, 1179
75, 1180
76, 1181
76, 1182
74, 1183
80, 1184
76, 1185
75, 1186
76, 1187
76, 1188
78, 1189
76, 1190
76, 1191
76, 1192
76, 1193
76, 1194
77, 1195
76, 1196
78, 1197
76, 1198
77, 1199
80, 1200
76, 1201
76, 1202
76, 1203
77, 1204
77, 1205
78, 1206
77, 1207
76, 1208
77, 1209
79, 1210
86, 1211
78, 1212
77, 1213
77, 1214
78, 1215
77, 1216
77, 1217
78, 1218
78, 1219
79, 1220
80, 1221
77, 1222
79, 1223
79, 1224
79, 1225
78, 1226
78, 1227
79, 1228
79, 1229
79, 1230
78, 1231
80, 1232
79, 1233
79, 1234
80, 1235
80, 1236
79, 1237
84, 1238
78, 1239
79, 1240
80, 1241
83, 1242
81, 1243
82, 1244
79, 1245
80, 1246
79, 1247
80, 1248
81, 1249
80, 1250
80, 1251
81, 1252
87, 1253
80, 1254
80, 1255
81, 1256
80, 1257
81, 1258
80, 1259
81, 1260
80, 1261
86, 1262
83, 1263
84, 1264
81, 1265
81, 1266
81, 1267
81, 1268
81, 1269
81, 1270
80, 1271
81, 1272
85, 1273
82, 1274
81, 1275
82, 1276
81, 1277
83, 1278
83, 1279
80, 1280
81, 1281
82, 1282
85, 1283
82, 1284
87, 1285
83, 1286
83, 1287
83, 1288
82, 1289
88, 1290
82, 1291
82, 1292
84, 1293
83, 1294
83, 1295
82, 1296
83, 1297
82, 1298
84, 1299
83, 1300
85, 1301
82, 1302
84, 1303
83, 1304
84, 1305
83, 1306
83, 1307
83, 1308
84, 1309
83, 1310
84, 1311
85, 1312
86, 1313
85, 1314
89, 1315
84, 1316
84, 1317
85, 1318
85, 1319
84, 1320
85, 1321
86, 1322
87, 1323
86, 1324
85, 1325
87, 1326
84, 1327
85, 1328
86, 1329
85, 1330
86, 1331
86, 1332
90, 1333
86, 1334
87, 1335
85, 1336
86, 1337
88, 1338
91, 1339
87, 1340
86, 1341
89, 1342
86, 1343
86, 1344
88, 1345
86, 1346
86, 1347
87, 1348
87, 1349
87, 1350
89, 1351
90, 1352
88, 1353
88, 1354
87, 1355
87, 1356
87, 1357
88, 1358
88, 1359
89, 1360
91, 1361
89, 1362
93, 1363
88, 1364
88, 1365
90, 1366
88, 1367
89, 1368
89, 1369
90, 1370
92, 1371
90, 1372
88, 1373
89, 1374
89, 1375
88, 1376
89, 1377
89, 1378
89, 1379
90, 1380
89, 1381
90, 1382
90, 1383
91, 1384
91, 1385
94, 1386
89, 1387
90, 1388
93, 1389
89, 1390
90, 1391
90, 1392
91, 1393
91, 1394
92, 1395
91, 1396
95, 1397
89, 1398
91, 1399
91, 1400
91, 1401
91, 1402
92, 1403
91, 1404
91, 1405
97, 1406
91, 1407
94, 1408
95, 1409
92, 1410
93, 1411
92, 1412
92, 1413
96, 1414
92, 1415
93, 1416
91, 1417
92, 1418
91, 1419
93, 1420
92, 1421
95, 1422
92, 1423
92, 1424
92, 1425
93, 1426
94, 1427
92, 1428
92, 1429
93, 1430
95, 1431
96, 1432
93, 1433
98, 1434
93, 1435
94, 1436
93, 1437
94, 1438
93, 1439
92, 1440
96, 1441
93, 1442
101, 1443
93, 1444
97, 1445
94, 1446
93, 1447
94, 1448
93, 1449
94, 1450
94, 1451
98, 1452
97, 1453
94, 1454
99, 1455
94, 1456
94, 1457
95, 1458
94, 1459
95, 1460
99, 1461
97, 1462
93, 1463
96, 1464
97, 1465
94, 1466
95, 1467
95, 1468
96, 1469
97, 1470
96, 1471
94, 1472
95, 1473
96, 1474
96, 1475
96, 1476
101, 1477
100, 1478
94, 1479
97, 1480
95, 1481
95, 1482
97, 1483
96, 1484
98, 1485
97, 1486
100, 1487
97, 1488
97, 1489
96, 1490
97, 1491
97, 1492
97, 1493
96, 1494
97, 1495
97, 1496
95, 1497
98, 1498
100, 1499
98, 1500
97, 1501
97, 1502
97, 1503
101, 1504
97, 1505
99, 1506
97, 1507
99, 1508
99, 1509
99, 1510
98, 1511
97, 1512
98, 1513
96, 1514
98, 1515
98, 1516
99, 1517
97, 1518
99, 1519
98, 1520
105, 1521
97, 1522
99, 1523
99, 1524
99, 1525
99, 1526
100, 1527
98, 1528
101, 1529
99, 1530
99, 1531
98, 1532
99, 1533
99, 1534
98, 1535
100, 1536
100, 1537
109, 1538
102, 1539
99, 1540
101, 1541
107, 1542
100, 1543
100, 1544
101, 1545
103, 1546
101, 1547
100, 1548
101, 1549
107, 1550
100, 1551
102, 1552
101, 1553
103, 1554
101, 1555
102, 1556
101, 1557
103, 1558
100, 1559
102, 1560
101, 1561
107, 1562
105, 1563
102, 1564
105, 1565
102, 1566
101, 1567
103, 1568
104, 1569
102, 1570
102, 1571
102, 1572
104, 1573
102, 1574
102, 1575
101, 1576
103, 1577
103, 1578
106, 1579
103, 1580
103, 1581
104, 1582
102, 1583
107, 1584
102, 1585
103, 1586
111, 1587
110, 1588
102, 1589
103, 1590
104, 1591
102, 1592
105, 1593
102, 1594
107, 1595
104, 1596
104, 1597
103, 1598
103, 1599
104, 1600
104, 1601
105, 1602
108, 1603
110, 1604
104, 1605
104, 1606
104, 1607
103, 1608
105, 1609
104, 1610
109, 1611
104, 1612
105, 1613
107, 1614
103, 1615
106, 1616
105, 1617
104, 1618
106, 1619
106, 1620
105, 1621
104, 1622
108, 1623
110, 1624
105, 1625
108, 1626
106, 1627
106, 1628
105, 1629
107, 1630
107, 1631
107, 1632
107, 1633
108, 1634
107, 1635
106, 1636
106, 1637
106, 1638
106, 1639
107, 1640
107, 1641
114, 1642
109, 1643
110, 1644
108, 1645
108, 1646
107, 1647
108, 1648
109, 1649
109, 1650
108, 1651
107, 1652
108, 1653
108, 1654
107, 1655
108, 1656
108, 1657
108, 1658
109, 1659
108, 1660
108, 1661
110, 1662
107, 1663
112, 1664
110, 1665
108, 1666
109, 1667
106, 1668
108, 1669
110, 1670
108, 1671
110, 1672
124, 1673
113, 1674
111, 1675
112, 1676
110, 1677
109, 1678
110, 1679
114, 1680
117, 1681
110, 1682
122, 1683
110, 1684
108, 1685
110, 1686
111, 1687
117, 1688
110, 1689
111, 1690
110, 1691
112, 1692
111, 1693
109, 1694
114, 1695
111, 1696
110, 1697
111, 1698
111, 1699
111, 1700
114, 1701
117, 1702
115, 1703
113, 1704
111, 1705
110, 1706
112, 1707
111, 1708
110, 1709
116, 1710
112, 1711
111, 1712
113, 1713
112, 1714
112, 1715
112, 1716
113, 1717
111, 1718
113, 1719
115, 1720
115, 1721
112, 1722
114, 1723
112, 1724
117, 1725
114, 1726
112, 1727
113, 1728
114, 1729
114, 1730
113, 1731
119, 1732
121, 1733
113, 1734
114, 1735
115, 1736
114, 1737
113, 1738
114, 1739
119, 1740
113, 1741
113, 1742
115, 1743
112, 1744
114, 1745
115, 1746
116, 1747
113, 1748
117, 1749
115, 1750
113, 1751
116, 1752
116, 1753
117, 1754
114, 1755
115, 1756
117, 1757
115, 1758
120, 1759
115, 1760
117, 1761
114, 1762
115, 1763
114, 1764
116, 1765
113, 1766
116, 1767
116, 1768
115, 1769
115, 1770
116, 1771
116, 1772
115, 1773
115, 1774
116, 1775
116, 1776
120, 1777
117, 1778
116, 1779
116, 1780
115, 1781
118, 1782
119, 1783
117, 1784
116, 1785
118, 1786
115, 1787
116, 1788
116, 1789
121, 1790
117, 1791
121, 1792
116, 1793
118, 1794
124, 1795
119, 1796
118, 1797
118, 1798
118, 1799
118, 1800
116, 1801
122, 1802
118, 1803
121, 1804
119, 1805
118, 1806
119, 1807
119, 1808
119, 1809
119, 1810
121, 1811
119, 1812
123, 1813
119, 1814
122, 1815
122, 1816
120, 1817
123, 1818
120, 1819
118, 1820
121, 1821
123, 1822
119, 1823
121, 1824
123, 1825
121, 1826
120, 1827
119, 1828
120, 1829
122, 1830
126, 1831
124, 1832
120, 1833
122, 1834
121, 1835
122, 1836
121, 1837
120, 1838
126, 1839
128, 1840
121, 1841
122, 1842
121, 1843
121, 1844
121, 1845
122, 1846
125, 1847
122, 1848
130, 1849
123, 1850
122, 1851
125, 1852
121, 1853
123, 1854
123, 1855
122, 1856
123, 1857
123, 1858
124, 1859
122, 1860
122, 1861
122, 1862
124, 1863
123, 1864
125, 1865
129, 1866
126, 1867
122, 1868
124, 1869
123, 1870
124, 1871
123, 1872
128, 1873
125, 1874
125, 1875
123, 1876
123, 1877
123, 1878
128, 1879
126, 1880
125, 1881
123, 1882
130, 1883
125, 1884
125, 1885
126, 1886
125, 1887
125, 1888
126, 1889
124, 1890
126, 1891
126, 1892
130, 1893
125, 1894
124, 1895
125, 1896
125, 1897
125, 1898
130, 1899
131, 1900
126, 1901
126, 1902
125, 1903
126, 1904
126, 1905
133, 1906
127, 1907
128, 1908
129, 1909
125, 1910
125, 1911
126, 1912
130, 1913
125, 1914
125, 1915
127, 1916
131, 1917
125, 1918
129, 1919
126, 1920
129, 1921
126, 1922
126, 1923
127, 1924
127, 1925
126, 1926
131, 1927
127, 1928
126, 1929
129, 1930
130, 1931
132, 1932
135, 1933
133, 1934
128, 1935
128, 1936
127, 1937
126, 1938
128, 1939
128, 1940
128, 1941
129, 1942
128, 1943
128, 1944
130, 1945
128, 1946
128, 1947
127, 1948
128, 1949
129, 1950
134, 1951
128, 1952
129, 1953
129, 1954
129, 1955
127, 1956
129, 1957
131, 1958
130, 1959
127, 1960
130, 1961
130, 1962
129, 1963
129, 1964
131, 1965
131, 1966
134, 1967
130, 1968
130, 1969
129, 1970
133, 1971
130, 1972
130, 1973
130, 1974
131, 1975
129, 1976
134, 1977
129, 1978
131, 1979
130, 1980
130, 1981
131, 1982
135, 1983
134, 1984
130, 1985
130, 1986
132, 1987
132, 1988
132, 1989
138, 1990
131, 1991
132, 1992
130, 1993
130, 1994
130, 1995
134, 1996
132, 1997
132, 1998
136, 1999
132, 2000
132, 2001
132, 2002
137, 2003
132, 2004
132, 2005
132, 2006
134, 2007
133, 2008
135, 2009
131, 2010
132, 2011
133, 2012
137, 2013
132, 2014
140, 2015
134, 2016
133, 2017
133, 2018
136, 2019
133, 2020
134, 2021
135, 2022
135, 2023
134, 2024
134, 2025
134, 2026
134, 2027
141, 2028
135, 2029
135, 2030
139, 2031
134, 2032
134, 2033
137, 2034
142, 2035
135, 2036
136, 2037
135, 2038
133, 2039
138, 2040
135, 2041
134, 2042
134, 2043
136, 2044
134, 2045
139, 2046
138, 2047
134, 2048
135, 2049
135, 2050
135, 2051
139, 2052
136, 2053
137, 2054
138, 2055
136, 2056
136, 2057
139, 2058
136, 2059
136, 2060
137, 2061
137, 2062
140, 2063
138, 2064
137, 2065
138, 2066
137, 2067
136, 2068
138, 2069
140, 2070
137, 2071
138, 2072
138, 2073
137, 2074
137, 2075
139, 2076
147, 2077
139, 2078
143, 2079
139, 2080
138, 2081
139, 2082
139, 2083
140, 2084
140, 2085
140, 2086
139, 2087
138, 2088
143, 2089
140, 2090
138, 2091
139, 2092
140, 2093
142, 2094
141, 2095
140, 2096
141, 2097
140, 2098
140, 2099
140, 2100
143, 2101
142, 2102
140, 2103
140, 2104
140, 2105
140, 2106
142, 2107
140, 2108
146, 2109
141, 2110
139, 2111
141, 2112
142, 2113
140, 2114
143, 2115
141, 2116
141, 2117
150, 2118
143, 2119
142, 2120
144, 2121
142, 2122
142, 2123
150, 2124
142, 2125
147, 2126
142, 2127
142, 2128
144, 2129
145, 2130
145, 2131
141, 2132
142, 2133
143, 2134
144, 2135
147, 2136
144, 2137
147, 2138
147, 2139
142, 2140
143, 2141
147, 2142
143, 2143
143, 2144
144, 2145
144, 2146
146, 2147
143, 2148
143, 2149
145, 2150
144, 2151
144, 2152
148, 2153
147, 2154
144, 2155
143, 2156
144, 2157
145, 2158
147, 2159
144, 2160
147, 2161
146, 2162
144, 2163
145, 2164
147, 2165
145, 2166
145, 2167
146, 2168
150, 2169
145, 2170
144, 2171
147, 2172
147, 2173
147, 2174
146, 2175
150, 2176
148, 2177
147, 2178
146, 2179
146, 2180
146, 2181
147, 2182
147, 2183
153, 2184
147, 2185
145, 2186
147, 2187
151, 2188
148, 2189
146, 2190
148, 2191
150, 2192
148, 2193
148, 2194
149, 2195
148, 2196
148, 2197
154, 2198
150, 2199
147, 2200
147, 2201
147, 2202
146, 2203
148, 2204
151, 2205
148, 2206
148, 2207
147, 2208
147, 2209
155, 2210
148, 2211
155, 2212
154, 2213
148, 2214
148, 2215
154, 2216
148, 2217
150, 2218
149, 2219
149, 2220
149, 2221
148, 2222
149, 2223
148, 2224
150, 2225
152, 2226
160, 2227
150, 2228
150, 2229
150, 2230
150, 2231
154, 2232
157, 2233
152, 2234
150, 2235
149, 2236
150, 2237
152, 2238
151, 2239
151, 2240
154, 2241
150, 2242
150, 2243
153, 2244
149, 2245
150, 2246
150, 2247
153, 2248
155, 2249
152, 2250
152, 2251
151, 2252
151, 2253
152, 2254
169, 2255
150, 2256
151, 2257
150, 2258
152, 2259
154, 2260
150, 2261
154, 2262
150, 2263
151, 2264
152, 2265
155, 2266
152, 2267
154, 2268
158, 2269
151, 2270
157, 2271
152, 2272
153, 2273
152, 2274
152, 2275
154, 2276
157, 2277
152, 2278
152, 2279
153, 2280
153, 2281
155, 2282
156, 2283
154, 2284
155, 2285
156, 2286
154, 2287
153, 2288
153, 2289
155, 2290
151, 2291
153, 2292
155, 2293
153, 2294
154, 2295
152, 2296
159, 2297
155, 2298
153, 2299
152, 2300
153, 2301
158, 2302
154, 2303
156, 2304
156, 2305
156, 2306
155, 2307
157, 2308
156, 2309
157, 2310
159, 2311
154, 2312
154, 2313
156, 2314
157, 2315
154, 2316
154, 2317
157, 2318
158, 2319
157, 2320
163, 2321
156, 2322
157, 2323
156, 2324
163, 2325
156, 2326
155, 2327
157, 2328
157, 2329
156, 2330
157, 2331
159, 2332
156, 2333
157, 2334
158, 2335
161, 2336
155, 2337
157, 2338
160, 2339
157, 2340
158, 2341
156, 2342
157, 2343
157, 2344
159, 2345
157, 2346
156, 2347
158, 2348
159, 2349
159, 2350
158, 2351
161, 2352
162, 2353
158, 2354
158, 2355
159, 2356
161, 2357
159, 2358
159, 2359
158, 2360
158, 2361
158, 2362
161, 2363
159, 2364
160, 2365
164, 2366
159, 2367
161, 2368
160, 2369
159, 2370
159, 2371
161, 2372
161, 2373
159, 2374
159, 2375
158, 2376
159, 2377
165, 2378
163, 2379
161, 2380
159, 2381
159, 2382
160, 2383
162, 2384
162, 2385
163, 2386
162, 2387
161, 2388
165, 2389
166, 2390
163, 2391
162, 2392
169, 2393
164, 2394
160, 2395
163, 2396
161, 2397
162, 2398
167, 2399
162, 2400
160, 2401
166, 2402
161, 2403
165, 2404
164, 2405
166, 2406
162, 2407
162, 2408
165, 2409
170, 2410
162, 2411
161, 2412
165, 2413
166, 2414
163, 2415
165, 2416
164, 2417
165, 2418
172, 2419
164, 2420
165, 2421
162, 2422
164, 2423
171, 2424
163, 2425
163, 2426
165, 2427
163, 2428
164, 2429
166, 2430
164, 2431
169, 2432
165, 2433
164, 2434
166, 2435
162, 2436
165, 2437
163, 2438
165, 2439
168, 2440
165, 2441
164, 2442
165, 2443
164, 2444
174, 2445
165, 2446
166, 2447
164, 2448
165, 2449
168, 2450
165, 2451
164, 2452
165, 2453
166, 2454
169, 2455
166, 2456
165, 2457
171, 2458
167, 2459
169, 2460
166, 2461
167, 2462
165, 2463
167, 2464
167, 2465
166, 2466
166, 2467
165, 2468
166, 2469
171, 2470
171, 2471
167, 2472
177, 2473
167, 2474
175, 2475
167, 2476
168, 2477
166, 2478
169, 2479
173, 2480
167, 2481
169, 2482
170, 2483
172, 2484
174, 2485
167, 2486
167, 2487
167, 2488
169, 2489
172, 2490
170, 2491
169, 2492
172, 2493
167, 2494
173, 2495
169, 2496
171, 2497
173, 2498
168, 2499
170, 2500
168, 2501
171, 2502
168, 2503
170, 2504
171, 2505
168, 2506
170, 2507
170, 2508
172, 2509
182, 2510
170, 2511
171, 2512
170, 2513
169, 2514
172, 2515
170, 2516
170, 2517
170, 2518
171, 2519
168, 2520
169, 2521
172, 2522
175, 2523
175, 2524
168, 2525
170, 2526
171, 2527
171, 2528
174, 2529
172, 2530
169, 2531
171, 2532
170, 2533
174, 2534
171, 2535
173, 2536
171, 2537
172, 2538
173, 2539
170, 2540
172, 2541
171, 2542
171, 2543
173, 2544
171, 2545
168, 2546
170, 2547
170, 2548
177, 2549
169, 2550
168, 2551
171, 2552
173, 2553
175, 2554
174, 2555
170, 2556
177, 2557
172, 2558
171, 2559
171, 2560
177, 2561
174, 2562
175, 2563
172, 2564
174, 2565
171, 2566
172, 2567
175, 2568
173, 2569
172, 2570
177, 2571
173, 2572
182, 2573
174, 2574
178, 2575
175, 2576
173, 2577
176, 2578
174, 2579
176, 2580
174, 2581
175, 2582
177, 2583
175, 2584
179, 2585
174, 2586
173, 2587
182, 2588
174, 2589
175, 2590
177, 2591
180, 2592
174, 2593
177, 2594
175, 2595
175, 2596
182, 2597
176, 2598
175, 2599
174, 2600
175, 2601
177, 2602
176, 2603
174, 2604
177, 2605
179, 2606
177, 2607
178, 2608
179, 2609
175, 2610
178, 2611
178, 2612
177, 2613
177, 2614
179, 2615
180, 2616
180, 2617
178, 2618
178, 2619
179, 2620
186, 2621
179, 2622
180, 2623
178, 2624
183, 2625
179, 2626
181, 2627
178, 2628
179, 2629
185, 2630
178, 2631
179, 2632
184, 2633
178, 2634
182, 2635
181, 2636
179, 2637
179, 2638
183, 2639
180, 2640
182, 2641
182, 2642
181, 2643
181, 2644
187, 2645
179, 2646
179, 2647
181, 2648
185, 2649
180, 2650
181, 2651
182, 2652
183, 2653
188, 2654
181, 2655
181, 2656
186, 2657
182, 2658
182, 2659
182, 2660
181, 2661
183, 2662
181, 2663
182, 2664
182, 2665
181, 2666
184, 2667
183, 2668
186, 2669
182, 2670
182, 2671
182, 2672
182, 2673
181, 2674
185, 2675
184, 2676
184, 2677
184, 2678
181, 2679
182, 2680
188, 2681
185, 2682
185, 2683
184, 2684
186, 2685
184, 2686
182, 2687
186, 2688
186, 2689
187, 2690
184, 2691
185, 2692
187, 2693
184, 2694
182, 2695
186, 2696
184, 2697
183, 2698
188, 2699
184, 2700
183, 2701
185, 2702
185, 2703
185, 2704
189, 2705
185, 2706
185, 2707
186, 2708
186, 2709
187, 2710
186, 2711
185, 2712
193, 2713
186, 2714
188, 2715
187, 2716
202, 2717
186, 2718
186, 2719
187, 2720
187, 2721
188, 2722
186, 2723
187, 2724
187, 2725
188, 2726
185, 2727
189, 2728
191, 2729
188, 2730
195, 2731
189, 2732
186, 2733
189, 2734
192, 2735
187, 2736
187, 2737
191, 2738
191, 2739
187, 2740
193, 2741
188, 2742
188, 2743
191, 2744
186, 2745
190, 2746
189, 2747
192, 2748
189, 2749
188, 2750
188, 2751
190, 2752
194, 2753
191, 2754
188, 2755
188, 2756
192, 2757
189, 2758
191, 2759
190, 2760
191, 2761
188, 2762
190, 2763
195, 2764
189, 2765
192, 2766
191, 2767
191, 2768
190, 2769
195, 2770
191, 2771
188, 2772
190, 2773
190, 2774
194, 2775
196, 2776
189, 2777
191, 2778
194, 2779
192, 2780
194, 2781
190, 2782
193, 2783
191, 2784
191, 2785
189, 2786
196, 2787
194, 2788
195, 2789
190, 2790
195, 2791
195, 2792
191, 2793
193, 2794
192, 2795
193, 2796
192, 2797
196, 2798
193, 2799
192, 2800
197, 2801
191, 2802
192, 2803
194, 2804
196, 2805
192, 2806
191, 2807
193, 2808
196, 2809
195, 2810
193, 2811
194, 2812
193, 2813
196, 2814
193, 2815
193, 2816
192, 2817
197, 2818
201, 2819
198, 2820
192, 2821
196, 2822
195, 2823
194, 2824
194, 2825
195, 2826
197, 2827
195, 2828
192, 2829
195, 2830
198, 2831
193, 2832
194, 2833
196, 2834
195, 2835
197, 2836
196, 2837
194, 2838
196, 2839
196, 2840
195, 2841
199, 2842
194, 2843
201, 2844
194, 2845
197, 2846
195, 2847
195, 2848
195, 2849
195, 2850
194, 2851
194, 2852
200, 2853
196, 2854
195, 2855
196, 2856
196, 2857
196, 2858
217, 2859
195, 2860
202, 2861
195, 2862
198, 2863
200, 2864
198, 2865
200, 2866
196, 2867
195, 2868
199, 2869
201, 2870
198, 2871
196, 2872
199, 2873
205, 2874
202, 2875
198, 2876
197, 2877
200, 2878
197, 2879
196, 2880
198, 2881
199, 2882
204, 2883
200, 2884
199, 2885
205, 2886
209, 2887
197, 2888
201, 2889
199, 2890
201, 2891
200, 2892
199, 2893
198, 2894
201, 2895
200, 2896
205, 2897
200, 2898
203, 2899
200, 2900
204, 2901
201, 2902
201, 2903
200, 2904
201, 2905
198, 2906
199, 2907
209, 2908
201, 2909
201, 2910
201, 2911
203, 2912
202, 2913
201, 2914
200, 2915
205, 2916
201, 2917
200, 2918
204, 2919
202, 2920
203, 2921
204, 2922
201, 2923
202, 2924
201, 2925
200, 2926
200, 2927
200, 2928
206, 2929
205, 2930
205, 2931
201, 2932
207, 2933
200, 2934
202, 2935
205, 2936
204, 2937
202, 2938
202, 2939
207, 2940
213, 2941
202, 2942
203, 2943
203, 2944
206, 2945
204, 2946
203, 2947
201, 2948
208, 2949
201, 2950
204, 2951
209, 2952
205, 2953
204, 2954
205, 2955
204, 2956
204, 2957
205, 2958
204, 2959
205, 2960
205, 2961
205, 2962
207, 2963
203, 2964
204, 2965
207, 2966
205, 2967
205, 2968
203, 2969
205, 2970
204, 2971
204, 2972
206, 2973
212, 2974
206, 2975
207, 2976
204, 2977
208, 2978
205, 2979
204, 2980
205, 2981
208, 2982
205, 2983
207, 2984
208, 2985
207, 2986
205, 2987
205, 2988
204, 2989
207, 2990
206, 2991
204, 2992
205, 2993
207, 2994
206, 2995
209, 2996
209, 2997
205, 2998
209, 2999
210, 3000
212, 3001
207, 3002
206, 3003
208, 3004
210, 3005
210, 3006
206, 3007
204, 3008
207, 3009
208, 3010
210, 3011
209, 3012
208, 3013
207, 3014
219, 3015
207, 3016
210, 3017
207, 3018
211, 3019
209, 3020
208, 3021
210, 3022
211, 3023
207, 3024
208, 3025
208, 3026
213, 3027
208, 3028
209, 3029
208, 3030
209, 3031
208, 3032
209, 3033
208, 3034
212, 3035
207, 3036
209, 3037
212, 3038
210, 3039
208, 3040
208, 3041
208, 3042
215, 3043
209, 3044
209, 3045
209, 3046
211, 3047
213, 3048
210, 3049
207, 3050
214, 3051
210, 3052
211, 3053
210, 3054
212, 3055
208, 3056
210, 3057
214, 3058
212, 3059
210, 3060
211, 3061
210, 3062
214, 3063
216, 3064
211, 3065
212, 3066
214, 3067
217, 3068
211, 3069
211, 3070
213, 3071
211, 3072
212, 3073
212, 3074
215, 3075
212, 3076
211, 3077
218, 3078
215, 3079
211, 3080
212, 3081
212, 3082
218, 3083
213, 3084
212, 3085
213, 3086
211, 3087
217, 3088
211, 3089
212, 3090
217, 3091
213, 3092
212, 3093
216, 3094
213, 3095
212, 3096
212, 3097
218, 3098
210, 3099
212, 3100
213, 3101
215, 3102
213, 3103
214, 3104
212, 3105
217, 3106
214, 3107
217, 3108
213, 3109
216, 3110
213, 3111
215, 3112
214, 3113
219, 3114
213, 3115
212, 3116
214, 3117
220, 3118
214, 3119
215, 3120
215, 3121
218, 3122
215, 3123
215, 3124
215, 3125
217, 3126
216, 3127
220, 3128
215, 3129
223, 3130
216, 3131
221, 3132
218, 3133
218, 3134
216, 3135
215, 3136
217, 3137
222, 3138
218, 3139
215, 3140
221, 3141
216, 3142
219, 3143
216, 3144
223, 3145
217, 3146
216, 3147
221, 3148
219, 3149
218, 3150
215, 3151
217, 3152
221, 3153
223, 3154
218, 3155
217, 3156
220, 3157
222, 3158
219, 3159
217, 3160
222, 3161
218, 3162
219, 3163
217, 3164
219, 3165
219, 3166
218, 3167
229, 3168
219, 3169
218, 3170
218, 3171
220, 3172
221, 3173
218, 3174
217, 3175
222, 3176
219, 3177
224, 3178
220, 3179
222, 3180
219, 3181
219, 3182
220, 3183
221, 3184
220, 3185
220, 3186
219, 3187
225, 3188
219, 3189
221, 3190
223, 3191
219, 3192
221, 3193
224, 3194
222, 3195
223, 3196
220, 3197
227, 3198
222, 3199
219, 3200
223, 3201
223, 3202
222, 3203
220, 3204
222, 3205
219, 3206
226, 3207
228, 3208
222, 3209
224, 3210
221, 3211
222, 3212
222, 3213
223, 3214
223, 3215
223, 3216
224, 3217
228, 3218
222, 3219
221, 3220
222, 3221
224, 3222
222, 3223
224, 3224
226, 3225
220, 3226
225, 3227
225, 3228
226, 3229
223, 3230
225, 3231
224, 3232
227, 3233
221, 3234
227, 3235
222, 3236
226, 3237
227, 3238
221, 3239
225, 3240
225, 3241
227, 3242
223, 3243
225, 3244
223, 3245
223, 3246
226, 3247
232, 3248
227, 3249
226, 3250
224, 3251
226, 3252
226, 3253
226, 3254
227, 3255
224, 3256
228, 3257
231, 3258
227, 3259
229, 3260
228, 3261
226, 3262
228, 3263
226, 3264
230, 3265
227, 3266
227, 3267
231, 3268
225, 3269
229, 3270
232, 3271
226, 3272
228, 3273
227, 3274
224, 3275
225, 3276
228, 3277
232, 3278
227, 3279
227, 3280
228, 3281
227, 3282
228, 3283
227, 3284
227, 3285
227, 3286
228, 3287
232, 3288
229, 3289
228, 3290
227, 3291
231, 3292
227, 3293
227, 3294
227, 3295
231, 3296
231, 3297
228, 3298
229, 3299
232, 3300
228, 3301
230, 3302
227, 3303
228, 3304
226, 3305
234, 3306
231, 3307
228, 3308
227, 3309
230, 3310
229, 3311
228, 3312
229, 3313
228, 3314
234, 3315
230, 3316
230, 3317
234, 3318
229, 3319
231, 3320
230, 3321
236, 3322
228, 3323
230, 3324
239, 3325
229, 3326
231, 3327
230, 3328
234, 3329
232, 3330
229, 3331
228, 3332
231, 3333
236, 3334
228, 3335
233, 3336
237, 3337
232, 3338
231, 3339
230, 3340
231, 3341
234, 3342
236, 3343
229, 3344
230, 3345
229, 3346
232, 3347
232, 3348
232, 3349
231, 3350
233, 3351
229, 3352
236, 3353
231, 3354
233, 3355
234, 3356
232, 3357
235, 3358
231, 3359
233, 3360
232, 3361
240, 3362
232, 3363
233, 3364
234, 3365
232, 3366
234, 3367
232, 3368
234, 3369
231, 3370
237, 3371
234, 3372
235, 3373
233, 3374
231, 3375
236, 3376
233, 3377
232, 3378
237, 3379
241, 3380
235, 3381
238, 3382
241, 3383
233, 3384
234, 3385
239, 3386
235, 3387
235, 3388
237, 3389
235, 3390
234, 3391
236, 3392
235, 3393
239, 3394
234, 3395
235, 3396
236, 3397
240, 3398
236, 3399
237, 3400
239, 3401
236, 3402
236, 3403
237, 3404
239, 3405
748, 3406
245, 3407
239, 3408
241, 3409
247, 3410
243, 3411
243, 3412
244, 3413
242, 3414
242, 3415
245, 3416
239, 3417
236, 3418
235, 3419
238, 3420
237, 3421
237, 3422
237, 3423
240, 3424
243, 3425
238, 3426
237, 3427
237, 3428
237, 3429
240, 3430
239, 3431
238, 3432
237, 3433
243, 3434
239, 3435
243, 3436
238, 3437
247, 3438
240, 3439
239, 3440
237, 3441
240, 3442
247, 3443
239, 3444
244, 3445
241, 3446
237, 3447
246, 3448
248, 3449
239, 3450
240, 3451
246, 3452
238, 3453
239, 3454
239, 3455
240, 3456
241, 3457
241, 3458
244, 3459
238, 3460
243, 3461
239, 3462
239, 3463
240, 3464
240, 3465
244, 3466
241, 3467
239, 3468
239, 3469
245, 3470
239, 3471
242, 3472
243, 3473
241, 3474
241, 3475
240, 3476
244, 3477
242, 3478
245, 3479
243, 3480
242, 3481
242, 3482
241, 3483
242, 3484
243, 3485
242, 3486
243, 3487
245, 3488
244, 3489
241, 3490
244, 3491
243, 3492
240, 3493
248, 3494
243, 3495
245, 3496
248, 3497
244, 3498
244, 3499
244, 3500
246, 3501
244, 3502
248, 3503
244, 3504
242, 3505
265, 3506
241, 3507
253, 3508
242, 3509
244, 3510
245, 3511
243, 3512
245, 3513
242, 3514
248, 3515
243, 3516
243, 3517
247, 3518
243, 3519
242, 3520
240, 3521
244, 3522
244, 3523
249, 3524
244, 3525
245, 3526
243, 3527
248, 3528
245, 3529
245, 3530
245, 3531
248, 3532
250, 3533
244, 3534
248, 3535
244, 3536
245, 3537
247, 3538
246, 3539
244, 3540
244, 3541
250, 3542
244, 3543
245, 3544
246, 3545
248, 3546
247, 3547
245, 3548
246, 3549
245, 3550
252, 3551
246, 3552
248, 3553
248, 3554
249, 3555
247, 3556
246, 3557
250, 3558
247, 3559
249, 3560
246, 3561
245, 3562
246, 3563
246, 3564
246, 3565
249, 3566
247, 3567
246, 3568
256, 3569
247, 3570
247, 3571
247, 3572
251, 3573
246, 3574
247, 3575
249, 3576
247, 3577
252, 3578
248, 3579
244, 3580
247, 3581
246, 3582
254, 3583
248, 3584
249, 3585
251, 3586
251, 3587
250, 3588
247, 3589
248, 3590
249, 3591
247, 3592
252, 3593
248, 3594
251, 3595
251, 3596
250, 3597
248, 3598
249, 3599
255, 3600
248, 3601
248, 3602
250, 3603
251, 3604
252, 3605
249, 3606
255, 3607
255, 3608
250, 3609
256, 3610
255, 3611
253, 3612
254, 3613
258, 3614
248, 3615
253, 3616
252, 3617
252, 3618
250, 3619
253, 3620
251, 3621
253, 3622
261, 3623
258, 3624
252, 3625
255, 3626
253, 3627
251, 3628
251, 3629
256, 3630
252, 3631
257, 3632
254, 3633
253, 3634
252, 3635
254, 3636
251, 3637
253, 3638
255, 3639
259, 3640
259, 3641
254, 3642
257, 3643
252, 3644
256, 3645
254, 3646
253, 3647
254, 3648
254, 3649
260, 3650
255, 3651
254, 3652
256, 3653
257, 3654
253, 3655
255, 3656
253, 3657
252, 3658
260, 3659
259, 3660
256, 3661
255, 3662
263, 3663
255, 3664
257, 3665
259, 3666
262, 3667
253, 3668
255, 3669
257, 3670
255, 3671
256, 3672
265, 3673
256, 3674
257, 3675
265, 3676
256, 3677
257, 3678
259, 3679
255, 3680
257, 3681
256, 3682
258, 3683
263, 3684
256, 3685
267, 3686
255, 3687
257, 3688
264, 3689
257, 3690
257, 3691
265, 3692
255, 3693
257, 3694
258, 3695
261, 3696
260, 3697
258, 3698
261, 3699
257, 3700
263, 3701
261, 3702
258, 3703
258, 3704
263, 3705
260, 3706
259, 3707
258, 3708
265, 3709
259, 3710
259, 3711
261, 3712
259, 3713
258, 3714
265, 3715
259, 3716
267, 3717
262, 3718
262, 3719
262, 3720
265, 3721
262, 3722
258, 3723
262, 3724
268, 3725
261, 3726
262, 3727
266, 3728
260, 3729
264, 3730
260, 3731
260, 3732
261, 3733
266, 3734
261, 3735
258, 3736
263, 3737
274, 3738
260, 3739
262, 3740
265, 3741
265, 3742
262, 3743
265, 3744
262, 3745
262, 3746
269, 3747
262, 3748
263, 3749
272, 3750
263, 3751
268, 3752
264, 3753
262, 3754
263, 3755
263, 3756
264, 3757
268, 3758
264, 3759
270, 3760
264, 3761
264, 3762
266, 3763
263, 3764
263, 3765
266, 3766
265, 3767
263, 3768
263, 3769
265, 3770
269, 3771
264, 3772
268, 3773
274, 3774
266, 3775
264, 3776
267, 3777
265, 3778
268, 3779
266, 3780
265, 3781
273, 3782
272, 3783
265, 3784
265, 3785
265, 3786
265, 3787
264, 3788
268, 3789
271, 3790
265, 3791
266, 3792
266, 3793
265, 3794
267, 3795
263, 3796
266, 3797
275, 3798
266, 3799
267, 3800
269, 3801
267, 3802
265, 3803
266, 3804
267, 3805
270, 3806
264, 3807
266, 3808
266, 3809
267, 3810
268, 3811
266, 3812
266, 3813
271, 3814
266, 3815
267, 3816
266, 3817
266, 3818
266, 3819
267, 3820
265, 3821
271, 3822
266, 3823
267, 3824
269, 3825
270, 3826
275, 3827
270, 3828
267, 3829
283, 3830
268, 3831
268, 3832
266, 3833
269, 3834
269, 3835
272, 3836
267, 3837
272, 3838
272, 3839
271, 3840
269, 3841
272, 3842
267, 3843
266, 3844
271, 3845
273, 3846
268, 3847
267, 3848
268, 3849
270, 3850
267, 3851
273, 3852
266, 3853
275, 3854
271, 3855
272, 3856
268, 3857
272, 3858
268, 3859
269, 3860
272, 3861
273, 3862
270, 3863
273, 3864
269, 3865
273, 3866
270, 3867
272, 3868
271, 3869
277, 3870
268, 3871
270, 3872
271, 3873
271, 3874
271, 3875
268, 3876
274, 3877
273, 3878
272, 3879
272, 3880
269, 3881
272, 3882
275, 3883
270, 3884
272, 3885
279, 3886
272, 3887
275, 3888
275, 3889
279, 3890
272, 3891
273, 3892
270, 3893
278, 3894
275, 3895
271, 3896
271, 3897
277, 3898
278, 3899
271, 3900
271, 3901
277, 3902
273, 3903
274, 3904
272, 3905
273, 3906
276, 3907
272, 3908
272, 3909
278, 3910
272, 3911
272, 3912
273, 3913
273, 3914
272, 3915
274, 3916
278, 3917
276, 3918
274, 3919
276, 3920
273, 3921
275, 3922
275, 3923
272, 3924
275, 3925
281, 3926
278, 3927
273, 3928
277, 3929
277, 3930
274, 3931
277, 3932
275, 3933
279, 3934
278, 3935
278, 3936
273, 3937
279, 3938
278, 3939
275, 3940
275, 3941
280, 3942
275, 3943
279, 3944
275, 3945
275, 3946
278, 3947
282, 3948
275, 3949
285, 3950
274, 3951
275, 3952
277, 3953
277, 3954
275, 3955
275, 3956
277, 3957
280, 3958
280, 3959
275, 3960
277, 3961
277, 3962
275, 3963
275, 3964
276, 3965
279, 3966
277, 3967
277, 3968
277, 3969
279, 3970
277, 3971
280, 3972
277, 3973
281, 3974
279, 3975
275, 3976
278, 3977
286, 3978
281, 3979
279, 3980
288, 3981
282, 3982
278, 3983
282, 3984
278, 3985
282, 3986
280, 3987
276, 3988
283, 3989
298, 3990
281, 3991
278, 3992
278, 3993
279, 3994
278, 3995
284, 3996
279, 3997
284, 3998
280, 3999
278, 4000
280, 4001
282, 4002
280, 4003
278, 4004
279, 4005
285, 4006
280, 4007
283, 4008
280, 4009
282, 4010
280, 4011
279, 4012
282, 4013
285, 4014
280, 4015
282, 4016
281, 4017
280, 4018
280, 4019
283, 4020
280, 4021
284, 4022
281, 4023
280, 4024
283, 4025
283, 4026
281, 4027
285, 4028
284, 4029
285, 4030
285, 4031
286, 4032
282, 4033
283, 4034
282, 4035
283, 4036
284, 4037
290, 4038
286, 4039
283, 4040
283, 4041
281, 4042
283, 4043
286, 4044
279, 4045
285, 4046
293, 4047
281, 4048
284, 4049
284, 4050
300, 4051
279, 4052
282, 4053
287, 4054
283, 4055
283, 4056
286, 4057
285, 4058
283, 4059
282, 4060
286, 4061
289, 4062
283, 4063
284, 4064
284, 4065
283, 4066
288, 4067
282, 4068
285, 4069
291, 4070
282, 4071
284, 4072
288, 4073
285, 4074
285, 4075
287, 4076
288, 4077
289, 4078
289, 4079
289, 4080
287, 4081
288, 4082
285, 4083
284, 4084
293, 4085
289, 4086
284, 4087
298, 4088
286, 4089
285, 4090
287, 4091
284, 4092
285, 4093
291, 4094
285, 4095
286, 4096
290, 4097
285, 4098
287, 4099
289, 4100
288, 4101
290, 4102
290, 4103
287, 4104
289, 4105
287, 4106
288, 4107
288, 4108
286, 4109
292, 4110
293, 4111
288, 4112
288, 4113
290, 4114
288, 4115
288, 4116
294, 4117
293, 4118
290, 4119
291, 4120
289, 4121
290, 4122
290, 4123
288, 4124
290, 4125
299, 4126
287, 4127
291, 4128
296, 4129
291, 4130
290, 4131
291, 4132
295, 4133
296, 4134
293, 4135
289, 4136
290, 4137
299, 4138
289, 4139
293, 4140
296, 4141
290, 4142
292, 4143
290, 4144
291, 4145
292, 4146
291, 4147
294, 4148
300, 4149
290, 4150
295, 4151
295, 4152
292, 4153
291, 4154
294, 4155
296, 4156
291, 4157
294, 4158
287, 4159
292, 4160
294, 4161
292, 4162
294, 4163
299, 4164
293, 4165
297, 4166
295, 4167
292, 4168
296, 4169
290, 4170
299, 4171
295, 4172
292, 4173
298, 4174
297, 4175
299, 4176
298, 4177
295, 4178
301, 4179
299, 4180
295, 4181
295, 4182
295, 4183
294, 4184
293, 4185
303, 4186
303, 4187
294, 4188
295, 4189
294, 4190
295, 4191
298, 4192
299, 4193
296, 4194
297, 4195
297, 4196
297, 4197
299, 4198
295, 4199
301, 4200
296, 4201
296, 4202
295, 4203
296, 4204
296, 4205
299, 4206
302, 4207
295, 4208
301, 4209
295, 4210
299, 4211
297, 4212
298, 4213
303, 4214
300, 4215
296, 4216
298, 4217
300, 4218
297, 4219
297, 4220
302, 4221
300, 4222
304, 4223
298, 4224
299, 4225
300, 4226
297, 4227
303, 4228
302, 4229
299, 4230
298, 4231
307, 4232
299, 4233
301, 4234
305, 4235
300, 4236
302, 4237
299, 4238
301, 4239
303, 4240
305, 4241
305, 4242
300, 4243
299, 4244
300, 4245
302, 4246
300, 4247
299, 4248
314, 4249
300, 4250
303, 4251
300, 4252
302, 4253
304, 4254
301, 4255
303, 4256
303, 4257
299, 4258
302, 4259
303, 4260
300, 4261
300, 4262
308, 4263
304, 4264
305, 4265
299, 4266
300, 4267
306, 4268
301, 4269
307, 4270
309, 4271
303, 4272
303, 4273
311, 4274
303, 4275
301, 4276
312, 4277
302, 4278
304, 4279
303, 4280
303, 4281
306, 4282
303, 4283
307, 4284
305, 4285
304, 4286
304, 4287
306, 4288
304, 4289
305, 4290
308, 4291
305, 4292
304, 4293
301, 4294
306, 4295
304, 4296
303, 4297
309, 4298
307, 4299
305, 4300
304, 4301
306, 4302
304, 4303
307, 4304
309, 4305
303, 4306
310, 4307
304, 4308
308, 4309
307, 4310
305, 4311
308, 4312
304, 4313
309, 4314
308, 4315
309, 4316
308, 4317
309, 4318
313, 4319
307, 4320
307, 4321
311, 4322
309, 4323
312, 4324
308, 4325
317, 4326
306, 4327
307, 4328
309, 4329
308, 4330
309, 4331
313, 4332
314, 4333
311, 4334
309, 4335
307, 4336
312, 4337
309, 4338
308, 4339
314, 4340
307, 4341
309, 4342
309, 4343
307, 4344
312, 4345
310, 4346
313, 4347
311, 4348
309, 4349
310, 4350
309, 4351
307, 4352
308, 4353
315, 4354
307, 4355
313, 4356
306, 4357
308, 4358
313, 4359
314, 4360
317, 4361
311, 4362
312, 4363
315, 4364
310, 4365
307, 4366
316, 4367
314, 4368
312, 4369
322, 4370
308, 4371
309, 4372
311, 4373
310, 4374
316, 4375
311, 4376
314, 4377
313, 4378
310, 4379
311, 4380
314, 4381
317, 4382
313, 4383
312, 4384
310, 4385
316, 4386
311, 4387
313, 4388
320, 4389
314, 4390
317, 4391
309, 4392
313, 4393
314, 4394
312, 4395
315, 4396
315, 4397
312, 4398
313, 4399
314, 4400
312, 4401
312, 4402
315, 4403
315, 4404
317, 4405
312, 4406
317, 4407
317, 4408
315, 4409
319, 4410
313, 4411
317, 4412
319, 4413
315, 4414
312, 4415
322, 4416
318, 4417
314, 4418
311, 4419
317, 4420
315, 4421
312, 4422
313, 4423
321, 4424
312, 4425
314, 4426
313, 4427
313, 4428
317, 4429
313, 4430
317, 4431
318, 4432
314, 4433
314, 4434
316, 4435
314, 4436
316, 4437
321, 4438
313, 4439
317, 4440
318, 4441
316, 4442
314, 4443
315, 4444
322, 4445
320, 4446
317, 4447
318, 4448
315, 4449
318, 4450
317, 4451
320, 4452
321, 4453
317, 4454
317, 4455
325, 4456
318, 4457
317, 4458
325, 4459
316, 4460
319, 4461
316, 4462
317, 4463
318, 4464
315, 4465
322, 4466
315, 4467
316, 4468
321, 4469
318, 4470
316, 4471
319, 4472
324, 4473
318, 4474
317, 4475
316, 4476
321, 4477
317, 4478
315, 4479
325, 4480
318, 4481
318, 4482
318, 4483
318, 4484
321, 4485
319, 4486
324, 4487
319, 4488
319, 4489
322, 4490
318, 4491
320, 4492
320, 4493
328, 4494
319, 4495
322, 4496
323, 4497
323, 4498
320, 4499
319, 4500
330, 4501
319, 4502
319, 4503
326, 4504
320, 4505
325, 4506
322, 4507
326, 4508
322, 4509
322, 4510
321, 4511
318, 4512
321, 4513
324, 4514
325, 4515
320, 4516
321, 4517
319, 4518
322, 4519
320, 4520
321, 4521
324, 4522
323, 4523
320, 4524
324, 4525
321, 4526
324, 4527
321, 4528
324, 4529
328, 4530
320, 4531
345, 4532
321, 4533
323, 4534
325, 4535
325, 4536
321, 4537
329, 4538
324, 4539
323, 4540
325, 4541
324, 4542
327, 4543
322, 4544
320, 4545
325, 4546
322, 4547
324, 4548
322, 4549
328, 4550
323, 4551
325, 4552
326, 4553
322, 4554
323, 4555
324, 4556
329, 4557
320, 4558
326, 4559
322, 4560
325, 4561
326, 4562
326, 4563
331, 4564
323, 4565
329, 4566
325, 4567
326, 4568
330, 4569
324, 4570
327, 4571
324, 4572
323, 4573
329, 4574
324, 4575
322, 4576
322, 4577
329, 4578
324, 4579
323, 4580
328, 4581
328, 4582
325, 4583
327, 4584
333, 4585
321, 4586
331, 4587
324, 4588
323, 4589
331, 4590
326, 4591
329, 4592
326, 4593
325, 4594
328, 4595
323, 4596
323, 4597
325, 4598
330, 4599
327, 4600
324, 4601
324, 4602
327, 4603
324, 4604
326, 4605
331, 4606
327, 4607
327, 4608
325, 4609
324, 4610
326, 4611
326, 4612
334, 4613
325, 4614
326, 4615
326, 4616
326, 4617
326, 4618
326, 4619
330, 4620
330, 4621
325, 4622
330, 4623
330, 4624
325, 4625
332, 4626
335, 4627
330, 4628
327, 4629
329, 4630
328, 4631
331, 4632
329, 4633
336, 4634
326, 4635
327, 4636
326, 4637
328, 4638
329, 4639
329, 4640
333, 4641
335, 4642
324, 4643
333, 4644
328, 4645
327, 4646
331, 4647
334, 4648
334, 4649
328, 4650
330, 4651
335, 4652
330, 4653
330, 4654
333, 4655
330, 4656
330, 4657
329, 4658
333, 4659
330, 4660
331, 4661
339, 4662
332, 4663
334, 4664
330, 4665
333, 4666
336, 4667
331, 4668
336, 4669
334, 4670
333, 4671
337, 4672
334, 4673
336, 4674
336, 4675
336, 4676
332, 4677
332, 4678
333, 4679
330, 4680
332, 4681
335, 4682
339, 4683
330, 4684
334, 4685
336, 4686
335, 4687
333, 4688
333, 4689
339, 4690
330, 4691
335, 4692
335, 4693
333, 4694
335, 4695
337, 4696
336, 4697
334, 4698
332, 4699
338, 4700
333, 4701
336, 4702
338, 4703
334, 4704
337, 4705
333, 4706
332, 4707
333, 4708
338, 4709
340, 4710
336, 4711
339, 4712
337, 4713
332, 4714
348, 4715
342, 4716
334, 4717
341, 4718
335, 4719
341, 4720
338, 4721
337, 4722
342, 4723
334, 4724
337, 4725
336, 4726
333, 4727
339, 4728
342, 4729
338, 4730
336, 4731
335, 4732
336, 4733
336, 4734
337, 4735
343, 4736
339, 4737
337, 4738
339, 4739
339, 4740
336, 4741
343, 4742
337, 4743
340, 4744
341, 4745
337, 4746
338, 4747
342, 4748
339, 4749
339, 4750
339, 4751
340, 4752
339, 4753
341, 4754
348, 4755
339, 4756
340, 4757
340, 4758
337, 4759
344, 4760
358, 4761
339, 4762
343, 4763
339, 4764
342, 4765
338, 4766
348, 4767
339, 4768
337, 4769
352, 4770
342, 4771
343, 4772
344, 4773
340, 4774
342, 4775
340, 4776
343, 4777
338, 4778
346, 4779
343, 4780
341, 4781
346, 4782
341, 4783
341, 4784
346, 